
Instance      Makespan  Lowerbound  Optimal  GapOpt[%]  NodeCount  CPU-Time[sec.]
---------------------------------------------------------------------------------
J3010_1.RCP         42          41       42       0.0%      12961          60.028
J3010_10.RCP        42          37       41       2.4%      13668          60.117
J3010_2.RCP         56          52       56       0.0%      14121          60.094
J3010_3.RCP         63          61       62       1.6%      14096          60.088
J3010_4.RCP         59          53       58       1.7%      14508          60.078
J3010_5.RCP         41          41       41       0.0%       5925          23.790
J3010_6.RCP         46          40       44       4.5%      15141          60.064
J3010_7.RCP         50          47       49       2.0%      13799          60.091
J3010_8.RCP         55          50       54       1.9%      13121          60.125
J3010_9.RCP         49          49       49       0.0%         32           0.206
J3011_1.RCP         61          52       54      13.0%      14070          60.039
J3011_10.RCP        38          38       38       0.0%       3307          13.812
J3011_2.RCP         56          56       56       0.0%        356           1.410
J3011_3.RCP         81          81       81       0.0%        151           0.568
J3011_4.RCP         63          60       63       0.0%      14195          60.095
J3011_5.RCP         50          48       49       2.0%      12555          60.114
J3011_6.RCP         44          44       44       0.0%         32           0.202
J3011_7.RCP         37          35       36       2.8%      14000          60.035
J3011_8.RCP         62          62       62       0.0%         32           0.177
J3011_9.RCP         67          67       67       0.0%        164           0.615
J3012_1.RCP         47          47       47       0.0%         32           0.147
J3012_10.RCP        57          57       57       0.0%         32           0.147
J3012_2.RCP         46          46       46       0.0%         32           0.144
J3012_3.RCP         37          37       37       0.0%         32           0.139
J3012_4.RCP         63          63       63       0.0%         32           0.139
J3012_5.RCP         47          47       47       0.0%         32           0.153
J3012_6.RCP         53          53       53       0.0%         32           0.140
J3012_7.RCP         55          55       55       0.0%         32           0.145
J3012_8.RCP         35          35       35       0.0%         32           0.159
J3012_9.RCP         52          52       52       0.0%         32           0.138
J3013_1.RCP         65          34       58      12.1%      14074          60.053
J3013_10.RCP        71          52       64      10.9%      15016          60.076
J3013_2.RCP         67          32       62       8.1%      14884          60.064
J3013_3.RCP         84          45       76      10.5%      13926          60.079
J3013_4.RCP         80          50       72      11.1%      13287          60.070
J3013_5.RCP         80          43       67      19.4%      14855          60.103
J3013_6.RCP         67          44       64       4.7%      12820          60.070
J3013_7.RCP         82          50       77       6.5%      14540          60.108
J3013_8.RCP        123          48      106      16.0%      14005          60.077
J3013_9.RCP         81          51       71      14.1%      13734          60.068
J3014_1.RCP         50          43       50       0.0%      14735          60.078
J3014_10.RCP        61          58       61       0.0%      13811          60.096
J3014_2.RCP         55          44       53       3.8%      14650          60.102
J3014_3.RCP         60          58       58       3.4%      13706          60.082
J3014_4.RCP         51          45       50       2.0%      14473          60.088
J3014_5.RCP         54          50       52       3.8%      13701          60.118
J3014_6.RCP         38          34       35       8.6%      13682          60.100
J3014_7.RCP         52          47       50       4.0%      14183          60.094
J3014_8.RCP         54          54       54       0.0%         32           0.211
J3014_9.RCP         47          44       46       2.2%      14100          60.054
J3015_1.RCP         46          46       46       0.0%         32           0.190
J3015_10.RCP        65          65       65       0.0%         32           0.140
J3015_2.RCP         47          47       47       0.0%         32           0.157
J3015_3.RCP         48          48       48       0.0%         32           0.148
J3015_4.RCP         48          48       48       0.0%         32           0.151
J3015_5.RCP         60          56       58       3.4%      14477          60.026
J3015_6.RCP         67          67       67       0.0%         32           0.186
J3015_7.RCP         47          47       47       0.0%         32           0.160
J3015_8.RCP         50          46       50       0.0%      13093          60.030
J3015_9.RCP         54          54       54       0.0%         32           0.198
J3016_1.RCP         51          51       51       0.0%         32           0.155
J3016_10.RCP        51          51       51       0.0%         32           0.163
J3016_2.RCP         48          48       48       0.0%         32           0.144
J3016_3.RCP         36          36       36       0.0%         32           0.146
J3016_4.RCP         47          47       47       0.0%         32           0.138
J3016_5.RCP         51          51       51       0.0%         32           0.146
J3016_6.RCP         51          51       51       0.0%         32           0.139
J3016_7.RCP         34          34       34       0.0%         32           0.142
J3016_8.RCP         44          44       44       0.0%         32           0.138
J3016_9.RCP         44          44       44       0.0%         32           0.136
J3017_1.RCP         66          45       64       3.1%      14334          60.023
J3017_10.RCP        66          66       66       0.0%       1859           7.764
J3017_2.RCP         68          68       68       0.0%      12641          53.325
J3017_3.RCP         60          60       60       0.0%         32           0.170
J3017_4.RCP         49          49       49       0.0%       7612          36.980
J3017_5.RCP         47          35       47       0.0%      13014          60.045
J3017_6.RCP         63          63       63       0.0%         32           0.161
J3017_7.RCP         57          50       57       0.0%      13516          60.046
J3017_8.RCP         61          53       61       0.0%      14746          60.089
J3017_9.RCP         48          44       48       0.0%      14290          60.106
J3018_1.RCP         53          53       53       0.0%       8740          36.924
J3018_10.RCP        50          41       49       2.0%      13830          60.045
J3018_2.RCP         55          55       55       0.0%       5637          23.635
J3018_3.RCP         56          56       56       0.0%       2449          10.405
J3018_4.RCP         70          70       70       0.0%       5150          24.076
J3018_5.RCP         52          52       52       0.0%       6215          26.264
J3018_6.RCP         62          53       62       0.0%      14877          60.040
J3018_7.RCP         48          48       48       0.0%       9889          38.909
J3018_8.RCP         52          52       52       0.0%       5230          20.651
J3018_9.RCP         47          47       47       0.0%       1161           4.754
J3019_1.RCP         40          39       40       0.0%      14330          60.027
J3019_10.RCP        47          47       47       0.0%      10478          43.960
J3019_2.RCP         58          58       58       0.0%         32           0.162
J3019_3.RCP         83          83       83       0.0%         32           0.120
J3019_4.RCP         39          39       39       0.0%         32           0.148
J3019_5.RCP         48          48       48       0.0%       8803          37.152
J3019_6.RCP         49          49       49       0.0%       6669          27.334
J3019_7.RCP         57          57       57       0.0%      11851          48.434
J3019_8.RCP         55          55       55       0.0%         32           0.148
J3019_9.RCP         38          38       38       0.0%         32           0.147
J301_1.RCP          43          38       43       0.0%      13319          60.036
J301_10.RCP         46          37       45       2.2%      13148          60.101
J301_2.RCP          47          42       47       0.0%      13789          60.076
J301_3.RCP          47          43       47       0.0%      14777          60.079
J301_4.RCP          63          55       62       1.6%      13964          60.061
J301_5.RCP          44          31       39      12.8%      15103          60.058
J301_6.RCP          49          38       48       2.1%      14147          60.074
J301_7.RCP          60          60       60       0.0%        126           0.610
J301_8.RCP          61          53       53      15.1%      14009          60.045
J301_9.RCP          52          42       49       6.1%      13151          60.102
J3020_1.RCP         57          57       57       0.0%         32           0.178
J3020_10.RCP        37          37       37       0.0%         32           0.138
J3020_2.RCP         70          70       70       0.0%         32           0.124
J3020_3.RCP         49          49       49       0.0%         32           0.154
J3020_4.RCP         43          43       43       0.0%         32           0.175
J3020_5.RCP         61          61       61       0.0%         32           0.137
J3020_6.RCP         51          51       51       0.0%         32           0.143
J3020_7.RCP         42          42       42       0.0%         32           0.150
J3020_8.RCP         51          51       51       0.0%         32           0.143
J3020_9.RCP         41          41       41       0.0%         32           0.135
J3021_1.RCP         94          60       84      11.9%      14684          60.035
J3021_10.RCP        76          54       69      10.1%      14196          60.077
J3021_2.RCP         64          42       59       8.5%      14378          60.118
J3021_3.RCP         86          60       76      13.2%      15071          60.095
J3021_4.RCP         74          52       70       5.7%      14617          60.075
J3021_5.RCP         60          43       55       9.1%      13444          60.098
J3021_6.RCP         85          53       76      11.8%      14078          60.100
J3021_7.RCP         76          53       65      16.9%      14916          60.084
J3021_8.RCP         70          48       62      12.9%      14118          60.064
J3021_9.RCP         69          43       69       0.0%      13996          60.075
J3022_1.RCP         42          42       42       0.0%      10836          45.709
J3022_10.RCP        55          52       55       0.0%      14252          60.065
J3022_2.RCP         45          45       45       0.0%       5582          22.398
J3022_3.RCP         63          61       63       0.0%      14471          60.042
J3022_4.RCP         42          40       42       0.0%      14108          60.096
J3022_5.RCP         52          46       52       0.0%      13394          60.104
J3022_6.RCP         52          45       52       0.0%      14231          60.075
J3022_7.RCP         60          55       60       0.0%      14554          60.117
J3022_8.RCP         57          50       55       3.6%      14606          60.098
J3022_9.RCP         76          76       76       0.0%        290           1.156
J3023_1.RCP         63          63       63       0.0%         32           0.128
J3023_10.RCP        61          61       61       0.0%        154           0.586
J3023_2.RCP         53          53       53       0.0%         32           0.122
J3023_3.RCP         46          46       46       0.0%       6520          29.770
J3023_4.RCP         65          65       65       0.0%       7386          34.450
J3023_5.RCP         52          52       52       0.0%      10083          49.520
J3023_6.RCP         50          47       48       4.2%      12745          60.066
J3023_7.RCP         60          60       60       0.0%       5848          27.597
J3023_8.RCP         48          48       48       0.0%         45           0.235
J3023_9.RCP         63          63       63       0.0%       9362          38.211
J3024_1.RCP         53          53       53       0.0%         32           0.160
J3024_10.RCP        53          53       53       0.0%         32           0.131
J3024_2.RCP         58          58       58       0.0%         32           0.127
J3024_3.RCP         69          69       69       0.0%         32           0.128
J3024_4.RCP         53          53       53       0.0%         32           0.130
J3024_5.RCP         51          51       51       0.0%         32           0.131
J3024_6.RCP         56          56       56       0.0%         32           0.137
J3024_7.RCP         44          44       44       0.0%         32           0.130
J3024_8.RCP         38          38       38       0.0%         32           0.142
J3024_9.RCP         43          43       43       0.0%         32           0.132
J3025_1.RCP         99          63       93       6.5%      15597          60.053
J3025_10.RCP        65          47       58      12.1%      14061          60.068
J3025_2.RCP         85          43       75      13.3%      13725          60.093
J3025_3.RCP         86          44       76      13.2%      13915          60.061
J3025_4.RCP         92          48       81      13.6%      13764          60.090
J3025_5.RCP         77          45       72       6.9%      14678          60.064
J3025_6.RCP         69          41       58      19.0%      14162          60.096
J3025_7.RCP        103          59       95       8.4%      15437          60.088
J3025_8.RCP         81          38       69      17.4%      14007          60.081
J3025_9.RCP        107          50       84      27.4%      15362          60.080
J3026_1.RCP         61          59       59       3.4%      14595          60.069
J3026_10.RCP        49          47       49       0.0%      12552          60.124
J3026_2.RCP         40          40       40       0.0%         32           0.195
J3026_3.RCP         58          58       58       0.0%       1045           4.535
J3026_4.RCP         62          62       62       0.0%        431           1.776
J3026_5.RCP         74          64       74       0.0%      15071          60.027
J3026_6.RCP         54          49       53       1.9%      14186          60.076
J3026_7.RCP         56          56       56       0.0%       4998          23.884
J3026_8.RCP         66          63       66       0.0%      13443          60.069
J3026_9.RCP         45          41       43       4.7%      14096          60.087
J3027_1.RCP         43          43       43       0.0%         32           0.194
J3027_10.RCP        62          62       62       0.0%         32           0.124
J3027_2.RCP         58          58       58       0.0%         97           0.394
J3027_3.RCP         60          60       60       0.0%        169           0.638
J3027_4.RCP         64          64       64       0.0%        626           2.479
J3027_5.RCP         49          49       49       0.0%         39           0.172
J3027_6.RCP         59          59       59       0.0%        142           0.555
J3027_7.RCP         51          46       49       4.1%      14027          60.030
J3027_8.RCP         66          66       66       0.0%       2533          10.265
J3027_9.RCP         55          55       55       0.0%         32           0.137
J3028_1.RCP         69          69       69       0.0%         32           0.131
J3028_10.RCP        59          59       59       0.0%         32           0.130
J3028_2.RCP         57          57       57       0.0%         32           0.129
J3028_3.RCP         40          40       40       0.0%         32           0.136
J3028_4.RCP         49          49       49       0.0%         32           0.134
J3028_5.RCP         73          73       73       0.0%         32           0.121
J3028_6.RCP         55          55       55       0.0%         32           0.128
J3028_7.RCP         48          48       48       0.0%         32           0.136
J3028_8.RCP         53          53       53       0.0%         32           0.134
J3028_9.RCP         62          62       62       0.0%         32           0.120
J3029_1.RCP         93          62       85       9.4%      13321          60.033
J3029_10.RCP        80          51       76       5.3%      14049          60.086
J3029_2.RCP        102          55       90      13.3%      13595          60.087
J3029_3.RCP         81          45       78       3.8%      13410          60.087
J3029_4.RCP        111          54      103       7.8%      15320          60.087
J3029_5.RCP        108          53       98      10.2%      13736          60.067
J3029_6.RCP        105          43       92      14.1%      13831          60.088
J3029_7.RCP         78          41       73       6.8%      12658          60.078
J3029_8.RCP         94          50       80      17.5%      12019          60.076
J3029_9.RCP        114          52       97      17.5%      13576          60.076
J302_1.RCP          41          34       38       7.9%      12174          60.082
J302_10.RCP         43          41       43       0.0%      12979          60.055
J302_2.RCP          53          46       51       3.9%      12997          60.059
J302_3.RCP          43          43       43       0.0%       1294           5.764
J302_4.RCP          43          42       43       0.0%      13803          60.037
J302_5.RCP          51          51       51       0.0%         32           0.168
J302_6.RCP          47          47       47       0.0%        550           2.195
J302_7.RCP          47          47       47       0.0%         32           0.141
J302_8.RCP          60          50       54      11.1%      13274          60.021
J302_9.RCP          54          51       54       0.0%      13347          60.056
J3030_1.RCP         49          40       47       4.3%      13996          60.081
J3030_10.RCP        54          43       53       1.9%      13838          60.104
J3030_2.RCP         76          65       68      11.8%      14471          60.071
J3030_3.RCP         63          53       55      14.5%      13811          60.090
J3030_4.RCP         53          50       53       0.0%      14349          60.105
J3030_5.RCP         56          52       54       3.7%      13914          60.112
J3030_6.RCP         65          54       62       4.8%      14090          60.073
J3030_7.RCP         74          63       68       8.8%      15211          60.091
J3030_8.RCP         47          40       46       2.2%      13996          60.078
J3030_9.RCP         47          44       46       2.2%      13796          60.119
J3031_1.RCP         43          43       43       0.0%         32           0.191
J3031_10.RCP        58          49       55       5.5%      13897          60.043
J3031_2.RCP         63          63       63       0.0%         32           0.160
J3031_3.RCP         58          58       58       0.0%         32           0.148
J3031_4.RCP         50          50       50       0.0%         32           0.140
J3031_5.RCP         52          48       52       0.0%      13302          60.030
J3031_6.RCP         53          53       53       0.0%         32           0.192
J3031_7.RCP         61          61       61       0.0%         68           0.343
J3031_8.RCP         58          58       58       0.0%         32           0.154
J3031_9.RCP         51          46       50       2.0%      12226          60.043
J3032_1.RCP         61          61       61       0.0%         32           0.186
J3032_10.RCP        51          51       51       0.0%         32           0.165
J3032_2.RCP         60          60       60       0.0%         32           0.164
J3032_3.RCP         57          57       57       0.0%         32           0.161
J3032_4.RCP         68          68       68       0.0%         32           0.164
J3032_5.RCP         54          54       54       0.0%         32           0.163
J3032_6.RCP         44          44       44       0.0%         32           0.154
J3032_7.RCP         35          35       35       0.0%         32           0.157
J3032_8.RCP         54          54       54       0.0%         32           0.165
J3032_9.RCP         65          65       65       0.0%         32           0.149
J3033_1.RCP         65          65       65       0.0%       2845          12.828
J3033_10.RCP        53          53       53       0.0%        366           1.636
J3033_2.RCP         60          60       60       0.0%       6468          29.181
J3033_3.RCP         55          42       55       0.0%      12365          60.054
J3033_4.RCP         77          77       77       0.0%       5333          23.032
J3033_5.RCP         53          53       53       0.0%       9665          39.448
J3033_6.RCP         59          59       59       0.0%       2502          11.328
J3033_7.RCP         58          58       58       0.0%         32           0.157
J3033_8.RCP         61          61       61       0.0%      13951          59.163
J3033_9.RCP         67          55       65       3.1%      13346          60.074
J3034_1.RCP         68          68       68       0.0%       5926          25.421
J3034_10.RCP        47          47       47       0.0%         74           0.447
J3034_2.RCP         44          44       44       0.0%        452           1.939
J3034_3.RCP         69          69       69       0.0%        657           2.872
J3034_4.RCP         67          67       67       0.0%         49           0.214
J3034_5.RCP         63          63       63       0.0%       3308          15.128
J3034_6.RCP         52          52       52       0.0%       1813           8.201
J3034_7.RCP         58          58       58       0.0%       6152          27.771
J3034_8.RCP         58          58       58       0.0%       3475          15.166
J3034_9.RCP         60          60       60       0.0%         32           0.124
J3035_1.RCP         57          57       57       0.0%         32           0.117
J3035_10.RCP        59          59       59       0.0%       1745           7.445
J3035_2.RCP         53          53       53       0.0%         32           0.148
J3035_3.RCP         60          60       60       0.0%        106           0.462
J3035_4.RCP         50          50       50       0.0%       3011          13.942
J3035_5.RCP         60          60       60       0.0%        185           0.836
J3035_6.RCP         58          58       58       0.0%        356           1.538
J3035_7.RCP         61          61       61       0.0%        140           0.589
J3035_8.RCP         63          63       63       0.0%         32           0.144
J3035_9.RCP         59          59       59       0.0%        826           3.640
J3036_1.RCP         66          66       66       0.0%         32           0.141
J3036_10.RCP        59          59       59       0.0%         32           0.140
J3036_2.RCP         44          44       44       0.0%         32           0.145
J3036_3.RCP         61          61       61       0.0%         32           0.138
J3036_4.RCP         59          59       59       0.0%         32           0.140
J3036_5.RCP         64          64       64       0.0%         32           0.141
J3036_6.RCP         46          46       46       0.0%         32           0.145
J3036_7.RCP         56          56       56       0.0%         32           0.143
J3036_8.RCP         63          63       63       0.0%         32           0.141
J3036_9.RCP         59          59       59       0.0%         32           0.155
J3037_1.RCP         80          46       79       1.3%      13223          60.029
J3037_10.RCP        86          60       81       6.2%      14064          60.052
J3037_2.RCP         78          49       69      13.0%      13717          60.058
J3037_3.RCP         89          52       81       9.9%      13460          60.096
J3037_4.RCP         85          62       83       2.4%      13059          60.092
J3037_5.RCP         82          59       80       2.5%      14077          60.070
J3037_6.RCP         73          50       73       0.0%      13481          60.078
J3037_7.RCP         98          54       92       6.5%      13509          60.067
J3037_8.RCP         83          57       72      15.3%      13710          60.073
J3037_9.RCP         58          46       57       1.8%      14608          60.083
J3038_1.RCP         48          48       48       0.0%       2346           9.394
J3038_10.RCP        60          60       60       0.0%       2469          10.146
J3038_2.RCP         54          50       54       0.0%      13805          60.066
J3038_3.RCP         59          59       59       0.0%      10882          45.261
J3038_4.RCP         59          59       59       0.0%        857           3.328
J3038_5.RCP         71          62       71       0.0%      14863          60.038
J3038_6.RCP         63          63       63       0.0%       5293          21.282
J3038_7.RCP         65          65       65       0.0%      13844          58.500
J3038_8.RCP         61          61       61       0.0%      10933          43.348
J3038_9.RCP         63          63       63       0.0%       7822          31.741
J3039_1.RCP         55          55       55       0.0%         64           0.267
J3039_10.RCP        60          60       60       0.0%       4346          18.819
J3039_2.RCP         54          54       54       0.0%         32           0.150
J3039_3.RCP         54          54       54       0.0%       1134           5.238
J3039_4.RCP         53          53       53       0.0%        176           0.805
J3039_5.RCP         55          55       55       0.0%         32           0.141
J3039_6.RCP         69          69       69       0.0%         97           0.437
J3039_7.RCP         56          49       56       0.0%      13268          60.019
J3039_8.RCP         67          67       67       0.0%         77           0.375
J3039_9.RCP         64          64       64       0.0%       4618          19.485
J303_1.RCP          72          72       72       0.0%         32           0.131
J303_10.RCP         59          57       59       0.0%      14639          60.031
J303_2.RCP          40          39       40       0.0%      13249          60.062
J303_3.RCP          57          57       57       0.0%         32           0.178
J303_4.RCP          98          98       98       0.0%         59           0.238
J303_5.RCP          62          46       53      17.0%      12598          60.023
J303_6.RCP          54          54       54       0.0%       1039           4.940
J303_7.RCP          48          48       48       0.0%         32           0.174
J303_8.RCP          54          54       54       0.0%         76           0.337
J303_9.RCP          65          60       65       0.0%      13821          60.023
J3040_1.RCP         51          51       51       0.0%         32           0.157
J3040_10.RCP        51          51       51       0.0%         32           0.128
J3040_2.RCP         56          56       56       0.0%         32           0.130
J3040_3.RCP         57          57       57       0.0%         32           0.128
J3040_4.RCP         57          57       57       0.0%         32           0.133
J3040_5.RCP         65          65       65       0.0%         32           0.128
J3040_6.RCP         60          60       60       0.0%         32           0.125
J3040_7.RCP         46          46       46       0.0%         32           0.129
J3040_8.RCP         57          57       57       0.0%         32           0.133
J3040_9.RCP         64          64       64       0.0%         32           0.123
J3041_1.RCP         97          50       86      12.8%      14544          60.034
J3041_10.RCP       105          59       99       6.1%      13260          60.068
J3041_2.RCP         95          49       89       6.7%      12853          60.070
J3041_3.RCP        100          59       85      17.6%      13167          60.088
J3041_4.RCP         89          47       78      14.1%      15661          60.068
J3041_5.RCP        105          63       99       6.1%      14396          60.085
J3041_6.RCP        111          65      103       7.8%      15811          60.082
J3041_7.RCP        105          56       92      14.1%      13849          60.064
J3041_8.RCP         95          55       88       8.0%      13804          60.163
J3041_9.RCP        100          69       92       8.7%      13981          60.099
J3042_1.RCP         58          58       58       0.0%         93           0.423
J3042_10.RCP        75          75       75       0.0%         32           0.133
J3042_2.RCP         50          47       50       0.0%      13679          60.049
J3042_3.RCP         61          54       60       1.7%      14373          60.082
J3042_4.RCP         51          42       49       4.1%      14247          60.076
J3042_5.RCP         52          52       52       0.0%        186           0.789
J3042_6.RCP         66          66       66       0.0%       7939          35.489
J3042_7.RCP         72          65       66       9.1%      12987          60.061
J3042_8.RCP         82          67       82       0.0%      12910          60.099
J3042_9.RCP         62          59       60       3.3%      13753          60.122
J3043_1.RCP         56          53       55       1.8%      14129          60.112
J3043_10.RCP        60          60       60       0.0%       2152           8.899
J3043_2.RCP         43          43       43       0.0%        212           0.874
J3043_3.RCP         57          57       57       0.0%       3818          15.875
J3043_4.RCP         67          67       67       0.0%         78           0.321
J3043_5.RCP         69          62       64       7.8%      13802          60.051
J3043_6.RCP         59          56       58       1.7%      14224          60.076
J3043_7.RCP         52          52       52       0.0%        224           1.030
J3043_8.RCP         62          62       62       0.0%       5210          22.667
J3043_9.RCP         57          57       57       0.0%       3793          16.536
J3044_1.RCP         50          50       50       0.0%         32           0.154
J3044_10.RCP        63          63       63       0.0%         32           0.139
J3044_2.RCP         54          54       54       0.0%         32           0.141
J3044_3.RCP         51          51       51       0.0%         32           0.138
J3044_4.RCP         57          57       57       0.0%         32           0.132
J3044_5.RCP         55          55       55       0.0%         32           0.141
J3044_6.RCP         56          56       56       0.0%         32           0.133
J3044_7.RCP         42          42       42       0.0%         32           0.146
J3044_8.RCP         49          49       49       0.0%         32           0.134
J3044_9.RCP         64          64       64       0.0%         32           0.134
J3045_1.RCP        100          53       82      22.0%      14409          60.046
J3045_10.RCP       100          58       90      11.1%      13456          60.076
J3045_2.RCP        133          63      125       6.4%      14336          60.096
J3045_3.RCP        116          57       92      26.1%      14272          60.086
J3045_4.RCP         87          59       84       3.6%      14296          60.086
J3045_5.RCP         89          58       86       3.5%      14779          60.080
J3045_6.RCP        146          70      129      13.2%      15873          60.115
J3045_7.RCP        111          72      101       9.9%      13000          60.079
J3045_8.RCP        102          65       94       8.5%      15516          60.065
J3045_9.RCP         95          50       82      15.9%      14300          60.078
J3046_1.RCP         60          58       59       1.7%      13185          60.123
J3046_10.RCP        56          46       55       1.8%      13367          60.080
J3046_2.RCP         73          64       67       9.0%      14004          60.113
J3046_3.RCP         70          64       65       7.7%      14629          60.106
J3046_4.RCP         64          60       64       0.0%      14812          60.094
J3046_5.RCP         58          56       57       1.8%      13654          60.106
J3046_6.RCP         60          56       59       1.7%      14326          60.088
J3046_7.RCP         62          47       59       5.1%      14489          60.120
J3046_8.RCP         59          55       58       1.7%      14415          60.108
J3046_9.RCP         49          45       49       0.0%      14052          60.085
J3047_1.RCP         58          58       58       0.0%        383           1.878
J3047_10.RCP        61          57       60       1.7%      12254          60.037
J3047_2.RCP         59          59       59       0.0%         32           0.206
J3047_3.RCP         55          55       55       0.0%         32           0.153
J3047_4.RCP         49          49       49       0.0%       6140          27.519
J3047_5.RCP         47          47       47       0.0%      12917          53.250
J3047_6.RCP         56          50       53       5.7%      13492          60.107
J3047_7.RCP         66          60       66       0.0%      14036          60.109
J3047_8.RCP         48          48       48       0.0%        238           0.988
J3047_9.RCP         65          65       65       0.0%         32           0.137
J3048_1.RCP         63          63       63       0.0%         32           0.125
J3048_10.RCP        54          54       54       0.0%         32           0.138
J3048_2.RCP         54          54       54       0.0%         32           0.130
J3048_3.RCP         50          50       50       0.0%         32           0.134
J3048_4.RCP         57          57       57       0.0%         32           0.129
J3048_5.RCP         58          58       58       0.0%         32           0.132
J3048_6.RCP         58          58       58       0.0%         32           0.118
J3048_7.RCP         55          55       55       0.0%         32           0.128
J3048_8.RCP         44          44       44       0.0%         32           0.127
J3048_9.RCP         59          59       59       0.0%         32           0.133
J304_1.RCP          49          49       49       0.0%         32           0.122
J304_10.RCP         48          48       48       0.0%         32           0.124
J304_2.RCP          60          60       60       0.0%         32           0.113
J304_3.RCP          47          47       47       0.0%         32           0.138
J304_4.RCP          57          57       57       0.0%         32           0.119
J304_5.RCP          59          59       59       0.0%         32           0.143
J304_6.RCP          45          45       45       0.0%         32           0.123
J304_7.RCP          56          56       56       0.0%         32           0.131
J304_8.RCP          55          55       55       0.0%         32           0.120
J304_9.RCP          38          38       38       0.0%         32           0.146
J305_1.RCP          54          41       53       1.9%      13504          60.043
J305_10.RCP         80          56       70      14.3%      13723          60.070
J305_2.RCP          94          56       82      14.6%      13954          60.075
J305_3.RCP          89          54       76      17.1%      12648          60.066
J305_4.RCP          70          43       63      11.1%      12904          60.098
J305_5.RCP          79          58       76       3.9%      14792          60.062
J305_6.RCP          68          47       64       6.2%      13077          60.075
J305_7.RCP          80          43       76       5.3%      13862          60.064
J305_8.RCP          73          53       67       9.0%      14571          60.079
J305_9.RCP          50          38       49       2.0%      14368          60.083
J306_1.RCP          60          54       59       1.7%      13997          60.093
J306_10.RCP         66          58       61       8.2%      13986          60.121
J306_2.RCP          53          50       51       3.9%      12492          60.101
J306_3.RCP          54          45       48      12.5%      13476          60.116
J306_4.RCP          47          36       42      11.9%      13820          60.072
J306_5.RCP          67          57       67       0.0%      14541          60.100
J306_6.RCP          37          35       37       0.0%      13231          60.094
J306_7.RCP          46          43       46       0.0%      13055          60.115
J306_8.RCP          41          39       39       5.1%      13760          60.097
J306_9.RCP          53          48       51       3.9%      14341          60.079
J307_1.RCP          55          55       55       0.0%         32           0.187
J307_10.RCP         49          43       49       0.0%      13582          60.027
J307_2.RCP          42          42       42       0.0%         32           0.182
J307_3.RCP          42          42       42       0.0%       7529          32.223
J307_4.RCP          44          44       44       0.0%      11229          48.785
J307_5.RCP          45          41       44       2.3%      13972          60.059
J307_6.RCP          35          35       35       0.0%         32           0.180
J307_7.RCP          50          50       50       0.0%       1369           6.298
J307_8.RCP          44          43       44       0.0%      12332          60.043
J307_9.RCP          60          56       60       0.0%      14653          60.081
J308_1.RCP          44          44       44       0.0%         32           0.175
J308_10.RCP         67          67       67       0.0%         32           0.128
J308_2.RCP          51          51       51       0.0%         32           0.139
J308_3.RCP          53          53       53       0.0%         32           0.154
J308_4.RCP          48          48       48       0.0%         32           0.138
J308_5.RCP          58          58       58       0.0%         32           0.123
J308_6.RCP          47          47       47       0.0%         32           0.147
J308_7.RCP          41          41       41       0.0%         32           0.149
J308_8.RCP          51          51       51       0.0%         32           0.135
J308_9.RCP          39          39       39       0.0%         32           0.148
J309_1.RCP          84          55       83       1.2%      12892          60.032
J309_10.RCP         89          63       88       1.1%      11338          60.063
J309_2.RCP         105          45       92      14.1%      14607          60.064
J309_3.RCP          78          48       68      14.7%      13797          60.068
J309_4.RCP          72          52       71       1.4%      13899          60.093
J309_5.RCP          80          53       70      14.3%      13908          60.085
J309_6.RCP          68          47       59      15.3%      14474          60.097
J309_7.RCP          65          41       63       3.2%      14106          60.081
J309_8.RCP          97          54       91       6.6%      13273          60.111
J309_9.RCP          70          37       63      11.1%      14751          60.073

Average Summary
Instance  Makespan  Lowerbound  Optimal  GapOpt[%]  NodeCount  CPU-Time[sec.]
-----------------------------------------------------------------------------
Average     60.881      52.756   58.992     2.621%       6866          29.614

Comparison Summary
Instances total: 480
Solved: 320/480 (66.7%)
Mean gap to optimal: 2.62%

Configuration
  branching order    : policy
  branching scheme   : serial
  search strategy    : ubs
  lower bound        : lb_cp
  dominance          : set_based
  optimal baseline   : data/baseline/j30_opt.json
