
Instance      Makespan  Lowerbound  Optimal  GapOpt[%]  NodeCount  CPU-Time[sec.]
---------------------------------------------------------------------------------
J3010_1.RCP         42          41       42       0.0%      12739          60.049
J3010_10.RCP        43          37       41       4.9%      13009          60.074
J3010_2.RCP         56          52       56       0.0%      13734          60.130
J3010_3.RCP         64          61       62       3.2%      14289          60.122
J3010_4.RCP         59          53       58       1.7%      14117          60.126
J3010_5.RCP         41          41       41       0.0%       2717          13.023
J3010_6.RCP         46          40       44       4.5%      14081          60.046
J3010_7.RCP         49          47       49       0.0%      13437          60.115
J3010_8.RCP         55          50       54       1.9%      12877          60.121
J3010_9.RCP         49          49       49       0.0%         32           0.212
J3011_1.RCP         55          52       54       1.9%      14074          60.055
J3011_10.RCP        38          38       38       0.0%         40           0.226
J3011_2.RCP         58          56       56       3.6%      13582          60.044
J3011_3.RCP         81          81       81       0.0%         32           0.183
J3011_4.RCP         63          60       63       0.0%      13840          60.030
J3011_5.RCP         49          48       49       0.0%      12688          60.101
J3011_6.RCP         44          44       44       0.0%         32           0.206
J3011_7.RCP         37          35       36       2.8%      13245          60.056
J3011_8.RCP         62          62       62       0.0%         67           0.367
J3011_9.RCP         67          67       67       0.0%         32           0.170
J3012_1.RCP         47          47       47       0.0%         32           0.166
J3012_10.RCP        57          57       57       0.0%         32           0.170
J3012_2.RCP         46          46       46       0.0%         32           0.164
J3012_3.RCP         37          37       37       0.0%         32           0.164
J3012_4.RCP         63          63       63       0.0%         32           0.167
J3012_5.RCP         47          47       47       0.0%         32           0.173
J3012_6.RCP         53          53       53       0.0%         32           0.160
J3012_7.RCP         55          55       55       0.0%         32           0.162
J3012_8.RCP         35          35       35       0.0%         32           0.184
J3012_9.RCP         52          52       52       0.0%         32           0.163
J3013_1.RCP         63          34       58       8.6%      12520          60.034
J3013_10.RCP        74          52       64      15.6%      14272          60.066
J3013_2.RCP         66          32       62       6.5%      13931          60.093
J3013_3.RCP         88          45       76      15.8%      13886          60.068
J3013_4.RCP         76          50       72       5.6%      14059          60.082
J3013_5.RCP         77          43       67      14.9%      14135          60.129
J3013_6.RCP         68          44       64       6.2%      12884          60.077
J3013_7.RCP         81          50       77       5.2%      14280          60.095
J3013_8.RCP        116          48      106       9.4%      14847          60.075
J3013_9.RCP         78          51       71       9.9%      13675          60.113
J3014_1.RCP         52          43       50       4.0%      14499          60.104
J3014_10.RCP        61          58       61       0.0%      13394          60.105
J3014_2.RCP         56          44       53       5.7%      14597          60.074
J3014_3.RCP         62          58       58       6.9%      13881          60.119
J3014_4.RCP         51          45       50       2.0%      14332          60.082
J3014_5.RCP         53          50       52       1.9%      12704          60.153
J3014_6.RCP         35          34       35       0.0%      12409          60.163
J3014_7.RCP         52          47       50       4.0%      13341          60.159
J3014_8.RCP         54          54       54       0.0%         32           0.239
J3014_9.RCP         48          44       46       4.3%      13356          60.050
J3015_1.RCP         46          46       46       0.0%         32           0.202
J3015_10.RCP        65          65       65       0.0%         47           0.209
J3015_2.RCP         47          47       47       0.0%         32           0.171
J3015_3.RCP         48          48       48       0.0%         32           0.167
J3015_4.RCP         48          48       48       0.0%         32           0.162
J3015_5.RCP         59          56       58       1.7%      13836          60.047
J3015_6.RCP         67          67       67       0.0%         32           0.210
J3015_7.RCP         47          47       47       0.0%         32           0.156
J3015_8.RCP         50          46       50       0.0%      13887          60.030
J3015_9.RCP         54          54       54       0.0%         32           0.195
J3016_1.RCP         51          51       51       0.0%         32           0.148
J3016_10.RCP        51          51       51       0.0%         32           0.165
J3016_2.RCP         48          48       48       0.0%         32           0.158
J3016_3.RCP         36          36       36       0.0%         32           0.157
J3016_4.RCP         47          47       47       0.0%         32           0.158
J3016_5.RCP         51          51       51       0.0%         32           0.160
J3016_6.RCP         51          51       51       0.0%         32           0.162
J3016_7.RCP         34          34       34       0.0%         32           0.156
J3016_8.RCP         44          44       44       0.0%         32           0.157
J3016_9.RCP         44          44       44       0.0%         32           0.149
J3017_1.RCP         64          45       64       0.0%      13697          60.027
J3017_10.RCP        66          66       66       0.0%       1830           8.306
J3017_2.RCP         68          68       68       0.0%      12642          53.209
J3017_3.RCP         60          60       60       0.0%         32           0.164
J3017_4.RCP         49          49       49       0.0%       7142          31.755
J3017_5.RCP         53          35       47      12.8%      14190          60.047
J3017_6.RCP         63          63       63       0.0%         32           0.182
J3017_7.RCP         57          50       57       0.0%      12185          60.032
J3017_8.RCP         61          53       61       0.0%      13379          60.073
J3017_9.RCP         48          44       48       0.0%      13346          60.120
J3018_1.RCP         53          53       53       0.0%       7583          32.925
J3018_10.RCP        50          41       49       2.0%      13431          60.052
J3018_2.RCP         55          55       55       0.0%       5639          24.270
J3018_3.RCP         56          56       56       0.0%       2450           9.958
J3018_4.RCP         70          70       70       0.0%       4530          19.786
J3018_5.RCP         52          52       52       0.0%       6209          26.336
J3018_6.RCP         62          53       62       0.0%      14306          60.058
J3018_7.RCP         48          48       48       0.0%       9188          37.881
J3018_8.RCP         52          52       52       0.0%       5231          21.332
J3018_9.RCP         47          47       47       0.0%       1858           7.864
J3019_1.RCP         40          39       40       0.0%      13765          60.028
J3019_10.RCP        47          47       47       0.0%      10475          46.472
J3019_2.RCP         58          58       58       0.0%         32           0.170
J3019_3.RCP         83          83       83       0.0%         32           0.145
J3019_4.RCP         39          39       39       0.0%         32           0.153
J3019_5.RCP         48          48       48       0.0%       8795          38.066
J3019_6.RCP         49          49       49       0.0%       6624          27.396
J3019_7.RCP         57          57       57       0.0%      11815          50.316
J3019_8.RCP         55          55       55       0.0%         32           0.179
J3019_9.RCP         38          38       38       0.0%       2994          12.547
J301_1.RCP          43          38       43       0.0%      13797          60.063
J301_10.RCP         45          37       45       0.0%      13605          60.088
J301_2.RCP          47          42       47       0.0%      13856          60.056
J301_3.RCP          47          43       47       0.0%      14267          60.079
J301_4.RCP          62          55       62       0.0%      12921          60.054
J301_5.RCP          43          31       39      10.3%      12424          60.059
J301_6.RCP          49          38       48       2.1%      12916          60.049
J301_7.RCP          60          60       60       0.0%         32           0.189
J301_8.RCP          53          53       53       0.0%         74           0.354
J301_9.RCP          51          42       49       4.1%      13587          60.031
J3020_1.RCP         57          57       57       0.0%         32           0.176
J3020_10.RCP        37          37       37       0.0%         32           0.139
J3020_2.RCP         70          70       70       0.0%         32           0.132
J3020_3.RCP         49          49       49       0.0%         32           0.144
J3020_4.RCP         43          43       43       0.0%         32           0.143
J3020_5.RCP         61          61       61       0.0%         32           0.133
J3020_6.RCP         51          51       51       0.0%         32           0.135
J3020_7.RCP         42          42       42       0.0%         32           0.138
J3020_8.RCP         51          51       51       0.0%         32           0.136
J3020_9.RCP         41          41       41       0.0%         32           0.141
J3021_1.RCP         89          60       84       6.0%      14599          60.032
J3021_10.RCP        73          54       69       5.8%      14204          60.084
J3021_2.RCP         65          42       59      10.2%      13884          60.103
J3021_3.RCP         78          60       76       2.6%      13179          60.093
J3021_4.RCP         74          52       70       5.7%      14154          60.082
J3021_5.RCP         60          43       55       9.1%      13035          60.067
J3021_6.RCP         79          53       76       3.9%      14849          60.114
J3021_7.RCP         75          53       65      15.4%      14619          60.091
J3021_8.RCP         69          48       62      11.3%      12662          60.072
J3021_9.RCP         74          43       69       7.2%      13643          60.091
J3022_1.RCP         42          42       42       0.0%      10790          49.610
J3022_10.RCP        57          52       55       3.6%      12751          60.072
J3022_2.RCP         45          45       45       0.0%       6657          31.276
J3022_3.RCP         63          61       63       0.0%      12834          60.057
J3022_4.RCP         42          40       42       0.0%      13889          60.079
J3022_5.RCP         52          46       52       0.0%      13330          60.093
J3022_6.RCP         52          45       52       0.0%      14010          60.085
J3022_7.RCP         60          55       60       0.0%      13962          60.073
J3022_8.RCP         55          50       55       0.0%      14133          60.077
J3022_9.RCP         76          76       76       0.0%        259           1.081
J3023_1.RCP         63          63       63       0.0%         32           0.138
J3023_10.RCP        61          61       61       0.0%         32           0.131
J3023_2.RCP         53          53       53       0.0%         32           0.141
J3023_3.RCP         46          46       46       0.0%       3062          13.360
J3023_4.RCP         65          65       65       0.0%       6908          30.839
J3023_5.RCP         52          52       52       0.0%      10100          48.242
J3023_6.RCP         48          48       48       0.0%      10039          42.826
J3023_7.RCP         60          60       60       0.0%       5832          24.927
J3023_8.RCP         48          48       48       0.0%        150           0.710
J3023_9.RCP         63          63       63       0.0%       9379          38.598
J3024_1.RCP         53          53       53       0.0%         32           0.163
J3024_10.RCP        53          53       53       0.0%         32           0.141
J3024_2.RCP         58          58       58       0.0%         32           0.141
J3024_3.RCP         69          69       69       0.0%         32           0.139
J3024_4.RCP         53          53       53       0.0%         32           0.137
J3024_5.RCP         51          51       51       0.0%         32           0.138
J3024_6.RCP         56          56       56       0.0%         32           0.139
J3024_7.RCP         44          44       44       0.0%         32           0.138
J3024_8.RCP         38          38       38       0.0%         32           0.145
J3024_9.RCP         43          43       43       0.0%         32           0.139
J3025_1.RCP         99          63       93       6.5%      14361          60.037
J3025_10.RCP        62          47       58       6.9%      14907          60.083
J3025_2.RCP         81          43       75       8.0%      15695          60.067
J3025_3.RCP         82          44       76       7.9%      13900          60.094
J3025_4.RCP         85          48       81       4.9%      14503          60.068
J3025_5.RCP         77          45       72       6.9%      15456          60.424
J3025_6.RCP         61          41       58       5.2%      14246          60.106
J3025_7.RCP        106          59       95      11.6%      14775          60.112
J3025_8.RCP         84          38       69      21.7%      14703          60.069
J3025_9.RCP        101          50       84      20.2%      15086          60.097
J3026_1.RCP         59          59       59       0.0%        124           0.786
J3026_10.RCP        50          47       49       2.0%      13220          60.052
J3026_2.RCP         40          40       40       0.0%         32           0.194
J3026_3.RCP         58          58       58       0.0%         32           0.148
J3026_4.RCP         62          62       62       0.0%       2290           9.641
J3026_5.RCP         85          64       74      14.9%      14694          60.030
J3026_6.RCP         54          49       53       1.9%      14408          60.138
J3026_7.RCP         56          56       56       0.0%        461           2.041
J3026_8.RCP         66          63       66       0.0%      14235          60.085
J3026_9.RCP         45          41       43       4.7%      13776          60.129
J3027_1.RCP         43          43       43       0.0%       2549          11.241
J3027_10.RCP        62          62       62       0.0%         32           0.148
J3027_2.RCP         58          58       58       0.0%         32           0.146
J3027_3.RCP         60          60       60       0.0%         32           0.133
J3027_4.RCP         64          64       64       0.0%         32           0.139
J3027_5.RCP         49          49       49       0.0%         39           0.175
J3027_6.RCP         59          59       59       0.0%         32           0.140
J3027_7.RCP         49          46       49       0.0%      13678          60.050
J3027_8.RCP         66          66       66       0.0%         32           0.182
J3027_9.RCP         55          55       55       0.0%         32           0.141
J3028_1.RCP         69          69       69       0.0%         32           0.140
J3028_10.RCP        59          59       59       0.0%         32           0.139
J3028_2.RCP         57          57       57       0.0%         32           0.142
J3028_3.RCP         40          40       40       0.0%         32           0.140
J3028_4.RCP         49          49       49       0.0%         32           0.134
J3028_5.RCP         73          73       73       0.0%         32           0.132
J3028_6.RCP         55          55       55       0.0%         32           0.140
J3028_7.RCP         48          48       48       0.0%         32           0.140
J3028_8.RCP         53          53       53       0.0%         32           0.148
J3028_9.RCP         62          62       62       0.0%         32           0.140
J3029_1.RCP         90          62       85       5.9%      13134          60.039
J3029_10.RCP        78          51       76       2.6%      13838          60.082
J3029_2.RCP        105          55       90      16.7%      14246          60.074
J3029_3.RCP         82          45       78       5.1%      14540          60.075
J3029_4.RCP        107          54      103       3.9%      14787          60.074
J3029_5.RCP        107          53       98       9.2%      13151          60.103
J3029_6.RCP        105          43       92      14.1%      14498          60.104
J3029_7.RCP         77          41       73       5.5%      13509          60.079
J3029_8.RCP         84          50       80       5.0%      13341          60.082
J3029_9.RCP        106          52       97       9.3%      13941          60.083
J302_1.RCP          38          34       38       0.0%      13788          60.088
J302_10.RCP         43          41       43       0.0%      13095          60.077
J302_2.RCP          51          46       51       0.0%      13343          60.089
J302_3.RCP          45          43       43       4.7%      13732          60.069
J302_4.RCP          43          42       43       0.0%      13660          60.047
J302_5.RCP          51          51       51       0.0%         41           0.205
J302_6.RCP          47          47       47       0.0%         32           0.143
J302_7.RCP          47          47       47       0.0%         32           0.144
J302_8.RCP          54          50       54       0.0%      12597          60.041
J302_9.RCP          54          51       54       0.0%      13863          60.073
J3030_1.RCP         48          40       47       2.1%      13225          60.097
J3030_10.RCP        54          43       53       1.9%      14298          60.096
J3030_2.RCP         71          65       68       4.4%      14371          60.090
J3030_3.RCP         58          53       55       5.5%      14503          60.086
J3030_4.RCP         53          50       53       0.0%      14269          60.086
J3030_5.RCP         57          52       54       5.6%      13994          60.090
J3030_6.RCP         65          54       62       4.8%      13856          60.107
J3030_7.RCP         70          63       68       2.9%      13077          60.060
J3030_8.RCP         46          40       46       0.0%      13411          60.059
J3030_9.RCP         47          44       46       2.2%      13358          60.078
J3031_1.RCP         43          43       43       0.0%         32           0.198
J3031_10.RCP        56          49       55       1.8%      13832          60.030
J3031_2.RCP         63          63       63       0.0%         32           0.178
J3031_3.RCP         58          58       58       0.0%         32           0.149
J3031_4.RCP         50          50       50       0.0%         32           0.153
J3031_5.RCP         54          48       52       3.8%      14285          60.049
J3031_6.RCP         53          53       53       0.0%         32           0.206
J3031_7.RCP         61          61       61       0.0%       1086           5.546
J3031_8.RCP         58          58       58       0.0%         32           0.165
J3031_9.RCP         51          46       50       2.0%      13937          60.057
J3032_1.RCP         61          61       61       0.0%         32           0.202
J3032_10.RCP        51          51       51       0.0%         32           0.167
J3032_2.RCP         60          60       60       0.0%         32           0.158
J3032_3.RCP         57          57       57       0.0%         32           0.144
J3032_4.RCP         68          68       68       0.0%         32           0.143
J3032_5.RCP         54          54       54       0.0%         32           0.145
J3032_6.RCP         44          44       44       0.0%         32           0.139
J3032_7.RCP         35          35       35       0.0%         32           0.145
J3032_8.RCP         54          54       54       0.0%         32           0.147
J3032_9.RCP         65          65       65       0.0%         32           0.136
J3033_1.RCP         65          65       65       0.0%       2919          11.447
J3033_10.RCP        53          53       53       0.0%        265           1.015
J3033_2.RCP         60          60       60       0.0%       5208          21.602
J3033_3.RCP         55          42       55       0.0%      13151          60.050
J3033_4.RCP         77          77       77       0.0%       5325          22.911
J3033_5.RCP         53          53       53       0.0%      10813          46.640
J3033_6.RCP         59          59       59       0.0%        499           2.201
J3033_7.RCP         58          58       58       0.0%         43           0.176
J3033_8.RCP         61          61       61       0.0%      13943          59.104
J3033_9.RCP         67          55       65       3.1%      13138          60.076
J3034_1.RCP         68          68       68       0.0%       5932          27.157
J3034_10.RCP        47          47       47       0.0%         52           0.222
J3034_2.RCP         44          44       44       0.0%        456           1.858
J3034_3.RCP         69          69       69       0.0%        658           2.544
J3034_4.RCP         67          67       67       0.0%         32           0.131
J3034_5.RCP         63          63       63       0.0%       3305          13.487
J3034_6.RCP         52          52       52       0.0%       1803           7.060
J3034_7.RCP         58          58       58       0.0%       6150          25.379
J3034_8.RCP         58          58       58       0.0%       3481          14.238
J3034_9.RCP         60          60       60       0.0%         40           0.165
J3035_1.RCP         57          57       57       0.0%         32           0.130
J3035_10.RCP        59          59       59       0.0%       1737           6.771
J3035_2.RCP         53          53       53       0.0%         32           0.136
J3035_3.RCP         60          60       60       0.0%         66           0.265
J3035_4.RCP         50          50       50       0.0%       3021          12.294
J3035_5.RCP         60          60       60       0.0%        129           0.515
J3035_6.RCP         58          58       58       0.0%        360           1.368
J3035_7.RCP         61          61       61       0.0%        141           0.517
J3035_8.RCP         63          63       63       0.0%         32           0.134
J3035_9.RCP         59          59       59       0.0%        824           3.273
J3036_1.RCP         66          66       66       0.0%         32           0.133
J3036_10.RCP        59          59       59       0.0%         32           0.133
J3036_2.RCP         44          44       44       0.0%         32           0.136
J3036_3.RCP         61          61       61       0.0%         32           0.126
J3036_4.RCP         59          59       59       0.0%         32           0.132
J3036_5.RCP         64          64       64       0.0%         32           0.128
J3036_6.RCP         46          46       46       0.0%         32           0.130
J3036_7.RCP         56          56       56       0.0%         32           0.132
J3036_8.RCP         63          63       63       0.0%         32           0.138
J3036_9.RCP         59          59       59       0.0%         32           0.137
J3037_1.RCP         83          46       79       5.1%      14098          60.031
J3037_10.RCP        86          60       81       6.2%      13616          60.069
J3037_2.RCP         78          49       69      13.0%      12855          60.064
J3037_3.RCP         95          52       81      17.3%      12195          60.088
J3037_4.RCP         89          62       83       7.2%      13222          60.073
J3037_5.RCP         80          59       80       0.0%      12821          60.097
J3037_6.RCP         76          50       73       4.1%      14792          60.059
J3037_7.RCP         95          54       92       3.3%      13493          60.074
J3037_8.RCP         80          57       72      11.1%      13425          60.059
J3037_9.RCP         57          46       57       0.0%      14075          60.062
J3038_1.RCP         48          48       48       0.0%       2486          10.055
J3038_10.RCP        60          60       60       0.0%       2468          10.166
J3038_2.RCP         54          50       54       0.0%      14163          60.037
J3038_3.RCP         59          59       59       0.0%      10687          44.681
J3038_4.RCP         59          59       59       0.0%        768           3.648
J3038_5.RCP         71          62       71       0.0%      13955          60.027
J3038_6.RCP         63          63       63       0.0%       4343          16.961
J3038_7.RCP         65          65       65       0.0%      13164          55.487
J3038_8.RCP         61          61       61       0.0%       9053          36.184
J3038_9.RCP         63          63       63       0.0%       5504          24.427
J3039_1.RCP         55          55       55       0.0%         32           0.170
J3039_10.RCP        60          60       60       0.0%       4605          21.041
J3039_2.RCP         54          54       54       0.0%         32           0.160
J3039_3.RCP         54          54       54       0.0%       1099           5.114
J3039_4.RCP         53          53       53       0.0%        186           0.859
J3039_5.RCP         55          55       55       0.0%         32           0.149
J3039_6.RCP         69          69       69       0.0%         78           0.354
J3039_7.RCP         56          56       56       0.0%      13674          55.955
J3039_8.RCP         67          67       67       0.0%         32           0.177
J3039_9.RCP         64          64       64       0.0%       4453          19.178
J303_1.RCP          72          72       72       0.0%         32           0.141
J303_10.RCP         59          57       59       0.0%      14023          60.023
J303_2.RCP          40          39       40       0.0%      14094          60.069
J303_3.RCP          57          57       57       0.0%         32           0.192
J303_4.RCP          98          98       98       0.0%         32           0.161
J303_5.RCP          53          46       53       0.0%      13423          60.032
J303_6.RCP          54          54       54       0.0%       1045           4.391
J303_7.RCP          48          48       48       0.0%         32           0.149
J303_8.RCP          54          54       54       0.0%         32           0.141
J303_9.RCP          65          60       65       0.0%      13791          60.026
J3040_1.RCP         51          51       51       0.0%         32           0.169
J3040_10.RCP        51          51       51       0.0%         32           0.138
J3040_2.RCP         56          56       56       0.0%         32           0.142
J3040_3.RCP         57          57       57       0.0%         32           0.134
J3040_4.RCP         57          57       57       0.0%         32           0.139
J3040_5.RCP         65          65       65       0.0%         32           0.137
J3040_6.RCP         60          60       60       0.0%         32           0.132
J3040_7.RCP         46          46       46       0.0%         32           0.140
J3040_8.RCP         57          57       57       0.0%         32           0.141
J3040_9.RCP         64          64       64       0.0%         32           0.135
J3041_1.RCP         98          50       86      14.0%      14938          60.038
J3041_10.RCP       107          59       99       8.1%      15418          60.073
J3041_2.RCP         91          49       89       2.2%      13285          60.080
J3041_3.RCP         85          59       85       0.0%      13784          60.079
J3041_4.RCP         83          47       78       6.4%      14932          60.090
J3041_5.RCP        105          63       99       6.1%      13619          60.084
J3041_6.RCP        108          65      103       4.9%      15179          60.103
J3041_7.RCP        101          56       92       9.8%      13672          60.064
J3041_8.RCP         91          55       88       3.4%      13622          60.098
J3041_9.RCP        101          69       92       9.8%      14440          60.064
J3042_1.RCP         58          58       58       0.0%         32           0.180
J3042_10.RCP        75          75       75       0.0%         32           0.141
J3042_2.RCP         50          47       50       0.0%      13967          60.056
J3042_3.RCP         60          54       60       0.0%      14240          60.075
J3042_4.RCP         49          42       49       0.0%      14234          60.103
J3042_5.RCP         52          52       52       0.0%         32           0.189
J3042_6.RCP         66          66       66       0.0%      10130          42.805
J3042_7.RCP         66          65       66       0.0%      13779          60.080
J3042_8.RCP         82          67       82       0.0%      13026          60.094
J3042_9.RCP         61          59       60       1.7%      12519          60.102
J3043_1.RCP         57          53       55       3.6%      12605          60.104
J3043_10.RCP        60          60       60       0.0%       2164           9.494
J3043_2.RCP         43          43       43       0.0%         99           0.480
J3043_3.RCP         57          57       57       0.0%       2447          11.503
J3043_4.RCP         67          67       67       0.0%         56           0.272
J3043_5.RCP         69          62       64       7.8%      13199          60.042
J3043_6.RCP         58          58       58       0.0%      11527          50.224
J3043_7.RCP         52          52       52       0.0%         54           0.259
J3043_8.RCP         62          62       62       0.0%       2927          11.991
J3043_9.RCP         57          57       57       0.0%       3793          15.365
J3044_1.RCP         50          50       50       0.0%         32           0.152
J3044_10.RCP        63          63       63       0.0%         32           0.134
J3044_2.RCP         54          54       54       0.0%         32           0.136
J3044_3.RCP         51          51       51       0.0%         32           0.142
J3044_4.RCP         57          57       57       0.0%         32           0.128
J3044_5.RCP         55          55       55       0.0%         32           0.140
J3044_6.RCP         56          56       56       0.0%         32           0.129
J3044_7.RCP         42          42       42       0.0%         32           0.143
J3044_8.RCP         49          49       49       0.0%         32           0.135
J3044_9.RCP         64          64       64       0.0%         32           0.131
J3045_1.RCP         97          53       82      18.3%      14863          60.029
J3045_10.RCP        98          58       90       8.9%      13866          60.083
J3045_2.RCP        129          63      125       3.2%      14233          60.075
J3045_3.RCP        116          57       92      26.1%      15098          60.096
J3045_4.RCP         92          59       84       9.5%      13906          60.088
J3045_5.RCP         92          58       86       7.0%      12974          60.091
J3045_6.RCP        139          70      129       7.8%      13624          60.100
J3045_7.RCP        118          72      101      16.8%      12640          60.060
J3045_8.RCP         95          65       94       1.1%      14872          60.090
J3045_9.RCP         95          50       82      15.9%      14083          60.064
J3046_1.RCP         60          58       59       1.7%      13339          60.096
J3046_10.RCP        55          46       55       0.0%      13450          60.120
J3046_2.RCP         67          64       67       0.0%      13786          60.076
J3046_3.RCP         67          64       65       3.1%      14512          60.114
J3046_4.RCP         64          60       64       0.0%      14565          60.074
J3046_5.RCP         59          56       57       3.5%      13781          60.090
J3046_6.RCP         61          56       59       3.4%      14369          60.108
J3046_7.RCP         63          47       59       6.8%      14309          60.181
J3046_8.RCP         59          55       58       1.7%      13845          60.076
J3046_9.RCP         51          45       49       4.1%      14386          60.109
J3047_1.RCP         58          58       58       0.0%        110           0.503
J3047_10.RCP        60          57       60       0.0%      12881          60.063
J3047_2.RCP         59          59       59       0.0%         32           0.214
J3047_3.RCP         55          55       55       0.0%         32           0.163
J3047_4.RCP         49          49       49       0.0%       6106          26.437
J3047_5.RCP         47          47       47       0.0%      12829          55.210
J3047_6.RCP         54          50       53       1.9%      13424          60.074
J3047_7.RCP         66          60       66       0.0%      13885          60.112
J3047_8.RCP         48          48       48       0.0%         32           0.178
J3047_9.RCP         65          65       65       0.0%         46           0.197
J3048_1.RCP         63          63       63       0.0%         32           0.137
J3048_10.RCP        54          54       54       0.0%         32           0.140
J3048_2.RCP         54          54       54       0.0%         32           0.133
J3048_3.RCP         50          50       50       0.0%         32           0.150
J3048_4.RCP         57          57       57       0.0%         32           0.140
J3048_5.RCP         58          58       58       0.0%         32           0.146
J3048_6.RCP         58          58       58       0.0%         32           0.136
J3048_7.RCP         55          55       55       0.0%         32           0.136
J3048_8.RCP         44          44       44       0.0%         32           0.136
J3048_9.RCP         59          59       59       0.0%         32           0.136
J304_1.RCP          49          49       49       0.0%         32           0.127
J304_10.RCP         48          48       48       0.0%         32           0.137
J304_2.RCP          60          60       60       0.0%         32           0.136
J304_3.RCP          47          47       47       0.0%         32           0.140
J304_4.RCP          57          57       57       0.0%         32           0.134
J304_5.RCP          59          59       59       0.0%         32           0.142
J304_6.RCP          45          45       45       0.0%         32           0.128
J304_7.RCP          56          56       56       0.0%         32           0.137
J304_8.RCP          55          55       55       0.0%         32           0.135
J304_9.RCP          38          38       38       0.0%         32           0.146
J305_1.RCP          56          41       53       5.7%      13838          60.033
J305_10.RCP         70          56       70       0.0%      12467          60.100
J305_2.RCP          85          56       82       3.7%      12445          60.074
J305_3.RCP          90          54       76      18.4%      13854          60.095
J305_4.RCP          63          43       63       0.0%      12231          60.062
J305_5.RCP          79          58       76       3.9%      13572          60.086
J305_6.RCP          73          47       64      14.1%      12178          60.060
J305_7.RCP          79          43       76       3.9%      12827          60.079
J305_8.RCP          72          53       67       7.5%      13497          60.060
J305_9.RCP          50          38       49       2.0%      14293          60.070
J306_1.RCP          60          54       59       1.7%      13885          60.104
J306_10.RCP         62          58       61       1.6%      13157          60.121
J306_2.RCP          51          50       51       0.0%      13098          60.111
J306_3.RCP          49          45       48       2.1%      14048          60.107
J306_4.RCP          42          36       42       0.0%      13423          60.084
J306_5.RCP          67          57       67       0.0%      14350          60.074
J306_6.RCP          37          35       37       0.0%      13251          60.090
J306_7.RCP          46          43       46       0.0%      13031          60.090
J306_8.RCP          43          39       39      10.3%      13509          60.076
J306_9.RCP          51          48       51       0.0%      13602          60.122
J307_1.RCP          55          55       55       0.0%         32           0.191
J307_10.RCP         49          43       49       0.0%      12946          60.034
J307_2.RCP          42          42       42       0.0%         32           0.181
J307_3.RCP          42          42       42       0.0%       8288          35.949
J307_4.RCP          45          44       44       2.3%      12142          60.069
J307_5.RCP          45          41       44       2.3%      12506          60.075
J307_6.RCP          35          35       35       0.0%         32           0.183
J307_7.RCP          50          50       50       0.0%       4263          18.217
J307_8.RCP          44          43       44       0.0%      11693          60.034
J307_9.RCP          60          56       60       0.0%      12668          60.071
J308_1.RCP          44          44       44       0.0%         32           0.192
J308_10.RCP         67          67       67       0.0%         32           0.163
J308_2.RCP          51          51       51       0.0%         32           0.162
J308_3.RCP          53          53       53       0.0%         32           0.169
J308_4.RCP          48          48       48       0.0%         32           0.156
J308_5.RCP          58          58       58       0.0%         32           0.159
J308_6.RCP          47          47       47       0.0%         32           0.165
J308_7.RCP          41          41       41       0.0%         32           0.162
J308_8.RCP          51          51       51       0.0%         32           0.161
J308_9.RCP          39          39       39       0.0%         32           0.167
J309_1.RCP          84          55       83       1.2%      13422          60.030
J309_10.RCP         89          63       88       1.1%      13843          60.066
J309_2.RCP         106          45       92      15.2%      14902          60.083
J309_3.RCP          79          48       68      16.2%      11844          60.105
J309_4.RCP          76          52       71       7.0%      13932          60.116
J309_5.RCP          73          53       70       4.3%      14056          60.089
J309_6.RCP          65          47       59      10.2%      14613          60.094
J309_7.RCP          65          41       63       3.2%      14494          60.092
J309_8.RCP          92          54       91       1.1%      12855          60.074
J309_9.RCP          68          37       63       7.9%      13299          60.072

Average Summary
Instance  Makespan  Lowerbound  Optimal  GapOpt[%]  NodeCount  CPU-Time[sec.]
-----------------------------------------------------------------------------
Average     60.429      52.777   58.992     1.964%       6728          29.391

Comparison Summary
Instances total: 480
Solved: 339/480 (70.6%)
Mean gap to optimal: 1.96%

Configuration
  branching order    : policy
  branching scheme   : serial
  search strategy    : ubs
  lower bound        : lb_cp
  dominance          : set_based
  optimal baseline   : data/baseline/j30_opt.json
